0,428
0,427
0,426
0,425
40,4
0,424
0,423
0,422
0,421
0,420
0,419
0,418
0,417
31,2
0,416
35,2
35,5
35,4
31,4
30,2
0,415
0,414
0,413
48,5
48,4
48,3
48,2
48,1
48,0
0,412
0,386
47,4
47,3
47,2
47,1
47,0
46,3
46,2
46,1
46,0
0,278
0,9
43,2
43,0
4,25
4,26
4,27
4,7
4,31
4,11
4,35
4,17
4,64
4,87
6,5
6,4
7,7
7,8
7,9
40,1
40,3
30,1
30,3
43,3
0,273
0,270
45,53
45,52
45,51
45,50
45,49
45,48
45,47
45,46
45,45
45,44
45,43
45,42
45,41
45,40
45,39
45,38
45,37
45,36
45,35
3,2
3,1
3,3
10,174
10,186
10,114
10,182
10,286
10,146
10,122
10,198
10,2
10,3
11,26
11,28
11,4
11,16
11,8
11,20
11,12
